26 50 1000 2 1000.0 50.0 5.39626407623291
26 50 1000 2 1000.0 50.0 5.542382001876831
26 50 1000 2 1000.0 50.0 5.477992057800293
26 50 10000 2 1000.0 50.0 29.22306203842163
26 50 10000 2 1000.0 50.0 29.338386058807373
26 50 10000 2 1000.0 50.0 29.321794033050537
26 50 11000 2 1000.0 50.0 34.23872995376587
26 50 11000 2 1000.0 50.0 34.15690612792969
26 50 11000 2 1000.0 50.0 34.112411975860596
26 50 12000 2 1000.0 50.0 39.713443994522095
26 50 12000 2 1000.0 50.0 39.761980056762695
26 50 12000 2 1000.0 50.0 42.09392499923706
26 50 13000 2 1000.0 50.0 45.48211312294006
26 50 13000 2 1000.0 50.0 45.66287088394165
26 50 13000 2 1000.0 50.0 45.785622119903564
26 50 2000 2 1000.0 50.0 6.243732929229736
26 50 14000 2 1000.0 50.0 52.09391713142395
26 50 2000 2 1000.0 50.0 6.239290952682495
26 50 14000 2 1000.0 50.0 51.84080195426941
26 50 14000 2 1000.0 50.0 52.0894718170166
26 50 2000 2 1000.0 50.0 6.287578105926514
26 50 3000 2 1000.0 50.0 7.3915181159973145
26 50 3000 2 1000.0 50.0 7.428318977355957
26 50 3000 2 1000.0 50.0 7.5033440589904785
26 50 4000 2 1000.0 50.0 9.12793493270874
26 50 4000 2 1000.0 50.0 9.090448141098022
26 50 4000 2 1000.0 50.0 9.190152168273926
26 50 5000 2 1000.0 50.0 11.325878858566284
26 50 5000 2 1000.0 50.0 11.301592111587524
26 50 5000 2 1000.0 50.0 11.460270881652832
26 50 6000 2 1000.0 50.0 13.969614028930664
26 50 6000 2 1000.0 50.0 13.965180158615112
26 50 6000 2 1000.0 50.0 13.951218843460083
26 50 7000 2 1000.0 50.0 17.193558931350708
26 50 7000 2 1000.0 50.0 17.079052925109863
26 50 7000 2 1000.0 50.0 17.21461296081543
26 50 8000 2 1000.0 50.0 20.689276933670044
26 50 8000 2 1000.0 50.0 20.820763111114502
26 50 8000 2 1000.0 50.0 20.70008611679077
26 50 9000 2 1000.0 50.0 24.803970098495483
26 50 9000 2 1000.0 50.0 24.660097122192383
26 50 9000 2 1000.0 50.0 24.790560960769653
