26 50 1000 2 1000.0 50.0 6.043545961380005
26 50 1000 2 1000.0 50.0 4.596597909927368
26 50 1000 2 1000.0 50.0 4.6625189781188965
26 50 10000 2 1000.0 50.0 79.22428107261658
26 50 10000 2 1000.0 50.0 79.21888089179993
26 50 10000 2 1000.0 50.0 80.9812560081482
26 50 11000 2 1000.0 50.0 95.94736504554749
26 50 11000 2 1000.0 50.0 95.23744988441467
26 50 11000 2 1000.0 50.0 95.86387705802917
26 50 12000 2 1000.0 50.0 113.09894108772278
26 50 12000 2 1000.0 50.0 111.90383195877075
26 50 12000 2 1000.0 50.0 112.76419997215271
26 50 13000 2 1000.0 50.0 130.56648206710815
26 50 13000 2 1000.0 50.0 134.0676760673523
26 50 13000 2 1000.0 50.0 130.40765500068665
26 50 14000 2 1000.0 50.0 151.66992497444153
26 50 14000 2 1000.0 50.0 150.8527991771698
26 50 14000 2 1000.0 50.0 154.39426803588867
26 50 2000 2 1000.0 50.0 6.829612970352173
26 50 2000 2 1000.0 50.0 6.8600499629974365
26 50 2000 2 1000.0 50.0 6.850950002670288
26 50 3000 2 1000.0 50.0 10.612593173980713
26 50 3000 2 1000.0 50.0 10.922889947891235
26 50 3000 2 1000.0 50.0 10.674468040466309
26 50 4000 2 1000.0 50.0 15.914613962173462
26 50 4000 2 1000.0 50.0 16.130078077316284
26 50 4000 2 1000.0 50.0 15.901236057281494
26 50 5000 2 1000.0 50.0 22.936758995056152
26 50 5000 2 1000.0 50.0 28.16089916229248
26 50 5000 2 1000.0 50.0 22.715240001678467
26 50 6000 2 1000.0 50.0 30.893894910812378
26 50 6000 2 1000.0 50.0 31.028898000717163
26 50 6000 2 1000.0 50.0 31.16121196746826
26 50 7000 2 1000.0 50.0 41.75227904319763
26 50 7000 2 1000.0 50.0 40.969645977020264
26 50 7000 2 1000.0 50.0 42.037724018096924
26 50 8000 2 1000.0 50.0 52.71718192100525
26 50 8000 2 1000.0 50.0 52.10654902458191
26 50 8000 2 1000.0 50.0 52.51340198516846
26 50 9000 2 1000.0 50.0 65.36473989486694
26 50 9000 2 1000.0 50.0 65.43512296676636
26 50 9000 2 1000.0 50.0 65.20167398452759
