26 50 1000 2 1000.0 50.0 5.81178092956543
26 50 1000 2 1000.0 50.0 5.790302991867065
26 50 1000 2 1000.0 50.0 5.8514180183410645
26 50 10000 2 1000.0 50.0 139.5838930606842
26 50 10000 2 1000.0 50.0 136.00016498565674
26 50 10000 2 1000.0 50.0 140.40338706970215
26 50 11000 2 1000.0 50.0 164.38551306724548
26 50 11000 2 1000.0 50.0 164.3153111934662
26 50 11000 2 1000.0 50.0 161.35494995117188
26 50 12000 2 1000.0 50.0 190.09126996994019
26 50 12000 2 1000.0 50.0 193.15521097183228
26 50 12000 2 1000.0 50.0 194.57282781600952
26 50 2000 2 1000.0 50.0 9.929569959640503
26 50 13000 2 1000.0 50.0 229.03923892974854
26 50 13000 2 1000.0 50.0 225.87954902648926
26 50 13000 2 1000.0 50.0 227.13657593727112
26 50 2000 2 1000.0 50.0 9.904515027999878
26 50 2000 2 1000.0 50.0 9.873777866363525
26 50 3000 2 1000.0 50.0 16.401036024093628
26 50 3000 2 1000.0 50.0 17.236305952072144
26 50 3000 2 1000.0 50.0 17.233349084854126
26 50 4000 2 1000.0 50.0 26.218894004821777
26 50 4000 2 1000.0 50.0 26.247531175613403
26 50 14000 2 1000.0 50.0 255.5099799633026
26 50 4000 2 1000.0 50.0 26.251032829284668
26 50 14000 2 1000.0 50.0 256.4694969654083
26 50 14000 2 1000.0 50.0 257.96540784835815
26 50 5000 2 1000.0 50.0 37.48682188987732
26 50 5000 2 1000.0 50.0 37.97020697593689
26 50 5000 2 1000.0 50.0 37.78001689910889
26 50 6000 2 1000.0 50.0 53.093565940856934
26 50 6000 2 1000.0 50.0 60.715436935424805
26 50 6000 2 1000.0 50.0 52.08889985084534
26 50 7000 2 1000.0 50.0 68.94506597518921
26 50 7000 2 1000.0 50.0 67.1209990978241
26 50 7000 2 1000.0 50.0 69.27777314186096
26 50 8000 2 1000.0 50.0 89.138986825943
26 50 8000 2 1000.0 50.0 89.29541802406311
26 50 8000 2 1000.0 50.0 106.64731097221375
26 50 9000 2 1000.0 50.0 111.70288395881653
26 50 9000 2 1000.0 50.0 110.88461899757385
26 50 9000 2 1000.0 50.0 111.75186109542847
