40 50 2000 2 1000.0 50.0 6.290918827056885
42 50 2000 2 1000.0 50.0 6.504224061965942
40 50 2000 2 1000.0 50.0 6.315157890319824
40 50 2000 2 1000.0 50.0 6.581963062286377
52 50 2000 2 1000.0 50.0 5.953593969345093
50 50 2000 2 1000.0 50.0 6.212973117828369
52 50 2000 2 1000.0 50.0 6.325824022293091
52 50 2000 2 1000.0 50.0 10.782307147979736
54 50 2000 2 1000.0 50.0 5.92013692855835
54 50 2000 2 1000.0 50.0 6.014743804931641
54 50 2000 2 1000.0 50.0 5.966150999069214
56 50 2000 2 1000.0 50.0 10.108891010284424
56 50 2000 2 1000.0 50.0 6.490936994552612
58 50 2000 2 1000.0 50.0 6.873718976974487
58 50 2000 2 1000.0 50.0 9.940478086471558
56 50 2000 2 1000.0 50.0 10.703480005264282
42 50 2000 2 1000.0 50.0 6.037482023239136
44 50 2000 2 1000.0 50.0 5.993055820465088
42 50 2000 2 1000.0 50.0 6.016809940338135
58 50 2000 2 1000.0 50.0 9.593668937683105
44 50 2000 2 1000.0 50.0 5.931720972061157
46 50 2000 2 1000.0 50.0 6.009082078933716
46 50 2000 2 1000.0 50.0 5.965828895568848
44 50 2000 2 1000.0 50.0 6.01742696762085
48 50 2000 2 1000.0 50.0 6.209264039993286
46 50 2000 2 1000.0 50.0 6.087554931640625
48 50 2000 2 1000.0 50.0 6.333505868911743
48 50 2000 2 1000.0 50.0 6.65705680847168
50 50 2000 2 1000.0 50.0 5.956763029098511
50 50 2000 2 1000.0 50.0 6.0664191246032715
