2 50 2000 2 1000.0 50.0 29.985324144363403
2 50 2000 2 1000.0 50.0 30.283794164657593
2 50 2000 2 1000.0 50.0 30.68459987640381
17 50 2000 2 1000.0 50.0 6.848865985870361
10 50 2000 2 1000.0 50.0 7.741793155670166
10 50 2000 2 1000.0 50.0 7.755833864212036
10 50 2000 2 1000.0 50.0 7.797607898712158
26 50 2000 2 1000.0 50.0 6.316977024078369
26 50 2000 2 1000.0 50.0 6.399061918258667
17 50 2000 2 1000.0 50.0 6.827192068099976
17 50 2000 2 1000.0 50.0 6.875841856002808
37 50 2000 2 1000.0 50.0 6.033735990524292
37 50 2000 2 1000.0 50.0 6.066677093505859
37 50 2000 2 1000.0 50.0 6.135053873062134
26 50 2000 2 1000.0 50.0 6.461603879928589
50 50 2000 2 1000.0 50.0 5.9955949783325195
50 50 2000 2 1000.0 50.0 6.202079772949219
50 50 2000 2 1000.0 50.0 6.235458850860596
5 50 2000 2 1000.0 50.0 11.156056880950928
5 50 2000 2 1000.0 50.0 10.982306003570557
5 50 2000 2 1000.0 50.0 10.898823022842407
65 50 2000 2 1000.0 50.0 12.780712127685547
65 50 2000 2 1000.0 50.0 13.663461923599243
65 50 2000 2 1000.0 50.0 6.734889030456543
