2 50 2000 2 1000.0 50.0 74.39870500564575
2 50 2000 2 1000.0 50.0 77.56518888473511
2 50 2000 2 1000.0 50.0 81.48853302001953
17 50 2000 2 1000.0 50.0 8.375925064086914
10 50 2000 2 1000.0 50.0 12.285736083984375
10 50 2000 2 1000.0 50.0 12.21939206123352
10 50 2000 2 1000.0 50.0 12.34415578842163
26 50 2000 2 1000.0 50.0 6.867210865020752
26 50 2000 2 1000.0 50.0 7.120183229446411
17 50 2000 2 1000.0 50.0 8.606600046157837
17 50 2000 2 1000.0 50.0 8.669749021530151
26 50 2000 2 1000.0 50.0 6.96087384223938
37 50 2000 2 1000.0 50.0 6.152698993682861
50 50 2000 2 1000.0 50.0 5.5696001052856445
37 50 2000 2 1000.0 50.0 6.1874120235443115
37 50 2000 2 1000.0 50.0 6.274770021438599
50 50 2000 2 1000.0 50.0 6.198846817016602
50 50 2000 2 1000.0 50.0 5.627528190612793
5 50 2000 2 1000.0 50.0 21.95488691329956
5 50 2000 2 1000.0 50.0 22.75375008583069
5 50 2000 2 1000.0 50.0 22.45225501060486
65 50 2000 2 1000.0 50.0 5.6125688552856445
65 50 2000 2 1000.0 50.0 5.4440531730651855
65 50 2000 2 1000.0 50.0 5.733394145965576
