2 50 2000 2 1000.0 50.0 150.4030020236969
2 50 2000 2 1000.0 50.0 170.53302788734436
2 50 2000 2 1000.0 50.0 172.39941215515137
17 50 2000 2 1000.0 50.0 13.843451976776123
10 50 2000 2 1000.0 50.0 20.997069120407104
10 50 2000 2 1000.0 50.0 21.26731300354004
10 50 2000 2 1000.0 50.0 21.457202911376953
26 50 2000 2 1000.0 50.0 9.995901107788086
26 50 2000 2 1000.0 50.0 9.936689138412476
17 50 2000 2 1000.0 50.0 13.699383020401001
17 50 2000 2 1000.0 50.0 13.689083814620972
37 50 2000 2 1000.0 50.0 9.958012104034424
26 50 2000 2 1000.0 50.0 10.025444030761719
37 50 2000 2 1000.0 50.0 10.908262968063354
37 50 2000 2 1000.0 50.0 10.532169818878174
50 50 2000 2 1000.0 50.0 10.857885122299194
50 50 2000 2 1000.0 50.0 11.431419849395752
50 50 2000 2 1000.0 50.0 11.774931907653809
5 50 2000 2 1000.0 50.0 40.31696915626526
5 50 2000 2 1000.0 50.0 40.882611989974976
5 50 2000 2 1000.0 50.0 41.479735136032104
65 50 2000 2 1000.0 50.0 11.162361145019531
65 50 2000 2 1000.0 50.0 11.172642946243286
65 50 2000 2 1000.0 50.0 11.449853897094727
