4 20 100 2 500.0 100.0 0.5386810302734375
4 20 200 2 500.0 100.0 2.1380200386047363
4 20 300 2 500.0 100.0 4.759720087051392
4 20 400 2 500.0 100.0 8.312863826751709
4 20 500 2 500.0 100.0 15.032510042190552
4 20 600 2 500.0 100.0 18.658217906951904
4 20 700 2 500.0 100.0 28.547832012176514
4 20 800 2 500.0 100.0 37.11107897758484
4 20 900 2 500.0 100.0 41.91148495674133
4 20 100 2 500.0 100.0 0.5333359241485596
4 20 200 2 500.0 100.0 2.0397210121154785
4 20 300 2 500.0 100.0 4.407019853591919
4 20 400 2 500.0 100.0 8.454042911529541
4 20 500 2 500.0 100.0 13.707623958587646
4 20 600 2 500.0 100.0 19.06596302986145
4 20 700 2 500.0 100.0 26.50818705558777
4 20 800 2 500.0 100.0 33.768702030181885
4 20 900 2 500.0 100.0 43.38721489906311
4 20 100 2 500.0 100.0 0.5373990535736084
4 20 200 2 500.0 100.0 1.9125051498413086
4 20 300 2 500.0 100.0 4.552709102630615
4 20 400 2 500.0 100.0 8.743814945220947
4 20 500 2 500.0 100.0 13.594758033752441
4 20 600 2 500.0 100.0 18.236634016036987
4 20 700 2 500.0 100.0 25.916324138641357
4 20 800 2 500.0 100.0 34.48559808731079
4 20 900 2 500.0 100.0 44.78327012062073
