4 20 100 2 500.0 100.0 2.812798023223877
4 20 200 2 500.0 100.0 2.7731051445007324
4 20 300 2 500.0 100.0 3.0209310054779053
4 20 400 2 500.0 100.0 3.1648519039154053
4 20 500 2 500.0 100.0 3.4483940601348877
4 20 600 2 500.0 100.0 3.5083630084991455
4 20 700 2 500.0 100.0 3.898076057434082
4 20 800 2 500.0 100.0 4.001244068145752
4 20 900 2 500.0 100.0 4.138135194778442
4 20 100 2 500.0 100.0 3.0811707973480225
4 20 200 2 500.0 100.0 2.950057029724121
4 20 300 2 500.0 100.0 3.0618250370025635
4 20 400 2 500.0 100.0 3.2877840995788574
4 20 500 2 500.0 100.0 3.493401050567627
4 20 600 2 500.0 100.0 3.600411891937256
4 20 700 2 500.0 100.0 3.8003721237182617
4 20 800 2 500.0 100.0 4.0589330196380615
4 20 900 2 500.0 100.0 5.512553930282593
4 20 100 2 500.0 100.0 3.994035005569458
4 20 200 2 500.0 100.0 2.9428389072418213
4 20 300 2 500.0 100.0 3.1570849418640137
4 20 400 2 500.0 100.0 3.3041419982910156
4 20 500 2 500.0 100.0 4.389958143234253
4 20 600 2 500.0 100.0 3.4979069232940674
4 20 700 2 500.0 100.0 3.4214320182800293
4 20 800 2 500.0 100.0 3.689954996109009
4 20 900 2 500.0 100.0 3.8771309852600098
